Body 0 : 7869.053106	-96397.724463	0.000000	|	0.270170	-3.268770	0.000000
Body 1 : 214883.862746	916837.068468	0.000000	|	7.151753	30.548131	0.000000
Body 2 : -466738.475465	-721845.212261	0.000000	|	-15.578869	-24.094647	0.000000
Body 3 : 36571.245859	25744.973511	0.000000	|	1.209290	0.823268	0.000000
Body 4 : 97512.455676	-7189.592180	0.000000	|	3.263524	-0.252684	0.000000
Body 5 : 3994.668272	23768.983033	0.000000	|	0.113788	0.793198	0.000000
Body 6 : -76664.898405	99680.732151	0.000000	|	-2.608744	3.351391	0.000000
Body 7 : -19161.956532	101419.433525	0.000000	|	-0.652109	3.376753	0.000000
Body 8 : -2475998.277540	2215478.147586	0.000000	|	-82.579062	73.867097	0.000000
Body 9 : -528382.156484	-195549.123195	0.000000	|	-17.635608	-6.544505	0.000000
Body 10 : 30366.699790	-37276.857658	0.000000	|	0.985758	-1.257747	0.000000
Body 11 : -356991.663934	-336067.504377	0.000000	|	-11.911571	-11.216088	0.000000
Body 12 : -20433.075964	8290.441006	0.000000	|	-0.753314	0.177195	0.000000
Body 13 : -6488.677612	-10052.431540	0.000000	|	-0.237188	-0.345126	0.000000
Body 14 : -49360.338291	-179777.256634	0.000000	|	-1.684077	-6.113253	0.000000
Body 15 : -3085.375041	-13624.550963	0.000000	|	-0.108593	-0.404911	0.000000
Body 16 : 734.251979	23701.612193	0.000000	|	0.020371	0.740022	0.000000
Body 17 : 232752.331598	-145045.145099	0.000000	|	7.753567	-4.856092	0.000000
Body 18 : 47490.848534	-81839.437924	0.000000	|	1.599475	-2.784036	0.000000
Body 19 : 662.524851	124071.140680	0.000000	|	0.009228	4.128123	0.000000
Body 20 : 75068.420347	7761.716622	0.000000	|	2.515357	0.248916	0.000000
Body 21 : 9413.966500	61021.547690	0.000000	|	0.353486	2.080234	0.000000
Body 22 : -6190.788939	-35331.602847	0.000000	|	-0.213229	-1.211670	0.000000
Body 23 : -52314.027739	-5267.937789	0.000000	|	-1.728695	-0.224210	0.000000
Body 24 : 31439.689595	-154579.101520	0.000000	|	1.033051	-5.179950	0.000000
Body 25 : -40286.601228	93420.304462	0.000000	|	-1.363057	3.101445	0.000000
Body 26 : 3854.191576	19285.271324	0.000000	|	0.098525	0.612124	0.000000
Body 27 : 72691.286313	-37770.776422	0.000000	|	2.413220	-1.270080	0.000000
Body 28 : -16369.381142	-11207.429594	0.000000	|	-0.538536	-0.392509	0.000000
Body 29 : 14003.868454	9438.475355	0.000000	|	0.459613	0.292795	0.000000
Body 30 : -13637.371680	8409.213016	0.000000	|	-0.479510	0.273641	0.000000
Body 31 : 33491.438471	-51130.350580	0.000000	|	1.102369	-1.693337	0.000000
Body 32 : -51703.221031	116697.678883	0.000000	|	-1.729117	3.880629	0.000000
Body 33 : -9839.587332	155085.554109	0.000000	|	-0.336407	5.157121	0.000000
Body 34 : 7648.299040	285.340890	0.000000	|	0.242971	0.035769	0.000000
Body 35 : -86263.711991	69748.396413	0.000000	|	-2.899649	2.325106	0.000000
Body 36 : 61196.976230	-39673.288945	0.000000	|	2.052743	-1.425937	0.000000
Body 37 : 739.444390	6563.518928	0.000000	|	0.029356	0.203838	0.000000
Body 38 : 8838.609485	1489.619261	0.000000	|	0.291130	0.059954	0.000000
Body 39 : 22194.200507	87865.622627	0.000000	|	0.737885	2.950476	0.000000
Body 40 : -8637.585536	7532.280841	0.000000	|	-0.288969	0.254513	0.000000
Body 41 : -8833.964473	-6629.442994	0.000000	|	-0.301162	-0.213214	0.000000
Body 42 : -66518.939103	-40338.843398	0.000000	|	-2.241202	-1.377102	0.000000
Body 43 : 4382.685402	-37205.290505	0.000000	|	0.128944	-1.244396	0.000000
Body 44 : -6953.041853	21179.415949	0.000000	|	-0.229334	0.685861	0.000000
Body 45 : -50938.722196	-47933.090714	0.000000	|	-1.715776	-1.617220	0.000000
Body 46 : 27119276.711260	-179528800.653655	0.000000	|	906.185267	-5999.012239	0.000000
Body 47 : 14497.205707	-23132.499572	0.000000	|	0.463531	-0.797840	0.000000
Body 48 : -61373.043658	155019.695174	0.000000	|	-2.077996	5.214938	0.000000
Body 49 : 102615.958146	40773.312695	0.000000	|	3.440016	1.357951	0.000000
Body 50 : 218191.127318	323964.373590	0.000000	|	7.273708	10.788050	0.000000
Body 51 : -65616.783416	-148504.732485	0.000000	|	-2.225292	-5.009431	0.000000
Body 52 : 10359.576078	20111.154218	0.000000	|	0.309842	0.637914	0.000000
Body 53 : -6811.706200	-56786.261741	0.000000	|	-0.240377	-1.886438	0.000000
Body 54 : -1945.098743	-27479.011973	0.000000	|	-0.010640	-0.982642	0.000000
Body 55 : -19395.899808	56909.270111	0.000000	|	-0.648672	1.894854	0.000000
Body 56 : 15434.055799	-57211.236789	0.000000	|	0.515304	-1.972895	0.000000
Body 57 : 26127.781750	108546.021877	0.000000	|	1.005983	4.197252	0.000000
Body 58 : -51161.378156	-118955.376017	0.000000	|	-1.732551	-4.007502	0.000000
Body 59 : -293708.024866	297172.756082	0.000000	|	-10.021155	10.120842	0.000000
Body 60 : -3678.620312	117742.515266	0.000000	|	-0.144864	3.919771	0.000000
Body 61 : -5397.670438	-7377.303859	0.000000	|	-0.173993	-0.281605	0.000000
Body 62 : -28117.132519	-29909.340656	0.000000	|	-1.208996	-1.084593	0.000000
Body 63 : -65468.752809	-52060.204552	0.000000	|	-2.189454	-1.738135	0.000000
Body 64 : -4548.420398	53215.961862	0.000000	|	-0.161328	1.760567	0.000000
Body 65 : -22783.658279	-120110.346119	0.000000	|	-0.784545	-4.067631	0.000000
Body 66 : -20385.687110	54435.406330	0.000000	|	-0.694189	1.806551	0.000000
Body 67 : 31754.879184	-162816.312989	0.000000	|	1.075886	-5.554576	0.000000
Body 68 : 807102.895432	-511867.725675	0.000000	|	27.254548	-17.311218	0.000000
Body 69 : 41987.514856	-8536.621103	0.000000	|	1.382392	-0.294087	0.000000
Body 70 : 1504829.114689	774279.366423	0.000000	|	50.193317	25.830356	0.000000
Body 71 : -398617.338776	-2648549.206144	0.000000	|	-13.508563	-89.731361	0.000000
Body 72 : -31968.676804	-43853.377084	0.000000	|	-1.091224	-1.486247	0.000000
Body 73 : -99773.448879	-112798.287317	0.000000	|	-3.337240	-3.780388	0.000000
Body 74 : -90748.554743	118160.198738	0.000000	|	-3.060825	3.965597	0.000000
Body 75 : -58799.714381	-21920.813088	0.000000	|	-2.142691	-0.777173	0.000000
Body 76 : 181517.748670	746552.517320	0.000000	|	6.053396	24.931811	0.000000
Body 77 : -244592.684448	-261239.105693	0.000000	|	-8.168600	-8.729637	0.000000
Body 78 : 84483.929053	-35686.103913	0.000000	|	2.890350	-1.296166	0.000000
Body 79 : 36677.750201	8430.831030	0.000000	|	1.205953	0.274210	0.000000
Body 80 : 114451.157863	-66900.415142	0.000000	|	3.843447	-2.258074	0.000000
Body 81 : 37270.641857	16297.005034	0.000000	|	1.226716	0.524033	0.000000
Body 82 : 2736.312851	34119.179149	0.000000	|	0.091395	1.105411	0.000000
Body 83 : 72237.831396	-25099.228906	0.000000	|	2.397687	-0.873722	0.000000
Body 84 : -4322.306196	16063.671252	0.000000	|	-0.158727	0.541399	0.000000
Body 85 : 52644.331922	-32956.596258	0.000000	|	1.749508	-1.119024	0.000000
Body 86 : 16614.866223	-66796.285131	0.000000	|	0.550988	-2.238273	0.000000
Body 87 : 32174.917650	-134069.028934	0.000000	|	1.073596	-4.511040	0.000000
Body 88 : -31896.836487	18736.946597	0.000000	|	-1.113167	0.660405	0.000000
Body 89 : 10105.977485	-15266.529016	0.000000	|	0.327286	-0.518906	0.000000
Body 90 : -29704.297167	-15817.417245	0.000000	|	-1.011229	-0.543746	0.000000
Body 91 : 336779.935560	176784.887191	0.000000	|	11.407548	5.971867	0.000000
Body 92 : 4723.482942	-13722.281719	0.000000	|	0.111254	-0.489442	0.000000
Body 93 : -20466.841583	8164.140243	0.000000	|	-0.618937	0.285165	0.000000
Body 94 : 1561763.143344	218891.340312	0.000000	|	52.180782	7.315975	0.000000
Body 95 : 8072.607763	-97454.510052	0.000000	|	0.229120	-3.287729	0.000000
Body 96 : -281610.671604	394188.777290	0.000000	|	-9.406856	13.162615	0.000000
Body 97 : 13836.908198	-27595.379809	0.000000	|	0.515154	-0.864684	0.000000
Body 98 : 12863.215082	-28029.119269	0.000000	|	0.395077	-0.998555	0.000000
Body 99 : 20541.835895	-12138.707582	0.000000	|	0.671428	-0.416150	0.000000
Body 100 : 437489.758499	-319193.200092	0.000000	|	14.590782	-10.666557	0.000000
Body 101 : -60970.164761	-51856.451546	0.000000	|	-2.086755	-1.757601	0.000000
Body 102 : 111872.518916	-77806.331904	0.000000	|	3.715995	-2.612071	0.000000
Body 103 : -19725.652173	14626.856463	0.000000	|	-0.673526	0.504168	0.000000
Body 104 : 10038.590841	4359.166691	0.000000	|	0.174023	0.088076	0.000000
Body 105 : -95539.081245	-65450.637315	0.000000	|	-3.232034	-2.216191	0.000000
Body 106 : -71191.537186	-49631.671481	0.000000	|	-2.395768	-1.658555	0.000000
Body 107 : 52905.971101	23618.417328	0.000000	|	1.773190	0.778889	0.000000
Body 108 : 68971.139215	-10139.555593	0.000000	|	2.310465	-0.379132	0.000000
Body 109 : 84444.302539	-134416.115682	0.000000	|	2.814781	-4.487723	0.000000
Body 110 : -128870.262923	-116703.253422	0.000000	|	-4.411707	-4.021787	0.000000
Body 111 : -1025033.871017	-2860501.923641	0.000000	|	-34.312945	-95.690208	0.000000
Body 112 : 35772.603001	197824.431038	0.000000	|	1.197803	6.681080	0.000000
Body 113 : -8904.894297	-6414.579539	0.000000	|	-0.223290	-0.195337	0.000000
Body 114 : -12513.238913	3070.844266	0.000000	|	-0.456619	0.101097	0.000000
Body 115 : 76808.029938	-32702.031303	0.000000	|	2.563014	-1.172053	0.000000
Body 116 : -44298.903026	-30258.987882	0.000000	|	-1.484295	-1.038129	0.000000
Body 117 : 84765.363998	15996.722917	0.000000	|	2.880579	0.534788	0.000000
Body 118 : 3983080.382255	-457211.377357	0.000000	|	132.816125	-15.267995	0.000000
Body 119 : 31204.059378	-48876.128210	0.000000	|	1.018548	-1.649363	0.000000
Body 120 : -2800581.394514	-717888.009953	0.000000	|	-93.578272	-23.991711	0.000000
Body 121 : -75363.762375	218929.527052	0.000000	|	-2.528551	7.275961	0.000000
Body 122 : -9867.186382	10141.844290	0.000000	|	-0.379997	0.324228	0.000000
Body 123 : -85896.905981	104971.973346	0.000000	|	-2.909104	3.523929	0.000000
Body 124 : 55160.706658	23402.781074	0.000000	|	1.824853	0.765226	0.000000
Body 125 : -176910.133736	206383.717593	0.000000	|	-5.918173	6.871655	0.000000
Body 126 : 55615.558776	-6687.534997	0.000000	|	1.867942	-0.202668	0.000000
Body 127 : -3513.768055	-13639.533805	0.000000	|	-0.126809	-0.507392	0.000000
Body 128 : 227860.577643	580515.375079	0.000000	|	7.677728	19.594264	0.000000
Body 129 : 55853.370885	-6878.344329	0.000000	|	1.785893	-0.285220	0.000000
Body 130 : -157422.986819	2265.009006	0.000000	|	-5.282373	0.052857	0.000000
Body 131 : -159703.118798	-87440.609668	0.000000	|	-5.355096	-2.945767	0.000000
Body 132 : -323304.859070	188630.865635	0.000000	|	-10.822119	6.303854	0.000000
Body 133 : 29003.968626	-19139.058487	0.000000	|	0.952034	-0.637615	0.000000
Body 134 : -14437.804132	-16317.128194	0.000000	|	-0.485045	-0.573265	0.000000
Body 135 : 27988.825453	13393.812178	0.000000	|	0.926021	0.431133	0.000000
Body 136 : -1926.552743	630.814951	0.000000	|	-0.083907	-0.013623	0.000000
Body 137 : 20762.079213	19360.768216	0.000000	|	0.681001	0.641239	0.000000
Body 138 : 29395.289765	-19555.363687	0.000000	|	0.911897	-0.627016	0.000000
Body 139 : -29428.672609	51391.647507	0.000000	|	-0.989391	1.696356	0.000000
Body 140 : -22363.841069	9349.123377	0.000000	|	-0.723273	0.299746	0.000000
Body 141 : 597897.812787	-1918890.713132	0.000000	|	20.926279	-67.144094	0.000000
Body 142 : 19920.605082	-2353.738728	0.000000	|	0.663874	-0.098122	0.000000
Body 143 : -244531.368512	632176.231091	0.000000	|	-8.176310	21.075839	0.000000
Body 144 : -52862.278419	-6377.636357	0.000000	|	-1.764792	-0.225195	0.000000
Body 145 : 150759.635895	87767.997960	0.000000	|	5.115117	2.965498	0.000000
Body 146 : -21078.141939	2471.263529	0.000000	|	-0.679124	0.084792	0.000000
Body 147 : -3730.507298	-10536.571557	0.000000	|	-0.158109	-0.369263	0.000000
Body 148 : 61934.121876	-133247.285185	0.000000	|	2.106519	-4.559261	0.000000
Body 149 : 1314.824010	23540.286017	0.000000	|	0.045438	0.761008	0.000000
Body 150 : -43679.006728	43463.626311	0.000000	|	-1.480836	1.428752	0.000000
Body 151 : 11033.205397	-30260.703418	0.000000	|	0.335985	-0.998360	0.000000
Body 152 : 10078.288536	4316.273338	0.000000	|	0.452928	0.232727	0.000000
Body 153 : -83214.889241	-16803.832662	0.000000	|	-2.769472	-0.575886	0.000000
Body 154 : 8553.461282	3469.975088	0.000000	|	0.253869	0.060021	0.000000
Body 155 : -13629.017388	3895.107363	0.000000	|	-0.465103	0.093618	0.000000
Body 156 : -159413.365913	317432.023657	0.000000	|	-5.348223	10.601068	0.000000
Body 157 : 106526.149408	-1182.317905	0.000000	|	3.599014	-0.050120	0.000000
Body 158 : 25734.318247	30713.990370	0.000000	|	0.853930	1.006243	0.000000
Body 159 : 18496.425922	-11367.754941	0.000000	|	0.578074	-0.394916	0.000000
Body 160 : 156590.780108	111816.247319	0.000000	|	5.203015	3.710266	0.000000
Body 161 : 2346057.888317	1446063.893167	0.000000	|	78.239768	48.212735	0.000000
Body 162 : 60699.707073	-33232.380955	0.000000	|	2.052615	-1.158710	0.000000
Body 163 : -22153.266748	-47454.218079	0.000000	|	-0.756237	-1.583342	0.000000
Body 164 : -927.221550	50176.710426	0.000000	|	-0.054487	1.679674	0.000000
Body 165 : -196606.663188	-126575.140930	0.000000	|	-6.566310	-4.231421	0.000000
Body 166 : 50105.772483	3041.698250	0.000000	|	1.689652	0.097421	0.000000
Body 167 : -24683.183401	-17731.412414	0.000000	|	-0.825049	-0.596282	0.000000
Body 168 : 3021002.102092	3007132.594814	0.000000	|	100.718103	100.276951	0.000000
Body 169 : 2074003.460769	-603937.282249	0.000000	|	69.173626	-20.149496	0.000000
Body 170 : 20489.501954	-3580.245292	0.000000	|	0.653391	-0.118659	0.000000
Body 171 : -8224.777184	-6894.150494	0.000000	|	-0.297153	-0.285059	0.000000
Body 172 : 18768.964863	888.013388	0.000000	|	0.584127	0.001582	0.000000
Body 173 : 25357.597321	23450.602034	0.000000	|	0.774187	0.766620	0.000000
Body 174 : 38484.860208	-5156.158765	0.000000	|	1.281807	-0.189334	0.000000
Body 175 : -8650544.877319	5643783.890602	0.000000	|	-288.915445	188.465603	0.000000
Body 176 : 32304.637174	-11486.657030	0.000000	|	1.031604	-0.347517	0.000000
Body 177 : -133317.505566	5663.253640	0.000000	|	-4.471054	0.183917	0.000000
Body 178 : 304203.910138	-7020.983181	0.000000	|	10.215282	-0.249944	0.000000
Body 179 : 14346.416240	-24946.967870	0.000000	|	0.464536	-0.886404	0.000000
Body 180 : -200331.978707	-30711.061022	0.000000	|	-6.706967	-1.025706	0.000000
Body 181 : -41278.251856	2330.659946	0.000000	|	-1.456028	0.049450	0.000000
Body 182 : 3809.874474	57228.359695	0.000000	|	0.090700	1.909172	0.000000
Body 183 : -6047853.359979	3739897.387465	0.000000	|	-201.784869	124.758431	0.000000
Body 184 : -1269991.406646	236508.989521	0.000000	|	-42.762853	7.938369	0.000000
Body 185 : 273934.076613	-622828.339946	0.000000	|	9.623821	-21.830241	0.000000
Body 186 : 50117.313307	18313.715581	0.000000	|	1.681344	0.609250	0.000000
Body 187 : -8155.971055	-25570.652108	0.000000	|	-0.285651	-0.844843	0.000000
Body 188 : 9820.508625	-2761.338385	0.000000	|	0.346362	-0.083566	0.000000
Body 189 : 57261.438856	-329690.349586	0.000000	|	1.944786	-11.274367	0.000000
Body 190 : 4338064.100122	-773330.867755	0.000000	|	145.743982	-25.997099	0.000000
Body 191 : -6132.620163	38521.067561	0.000000	|	-0.208429	1.303686	0.000000
Body 192 : 25203.726495	24328.121204	0.000000	|	0.843655	0.796737	0.000000
Body 193 : -128023.461140	75903.698893	0.000000	|	-4.293796	2.516652	0.000000
Body 194 : -174885.279424	-369776.669697	0.000000	|	-5.893083	-12.461995	0.000000
Body 195 : 16457.919575	140041.186900	0.000000	|	0.533580	4.661735	0.000000
Body 196 : -62918.589081	-222714.696907	0.000000	|	-2.135943	-7.514145	0.000000
Body 197 : -64658.923088	92717.392655	0.000000	|	-2.201752	3.128394	0.000000
Body 198 : -109102.069039	-51356.765238	0.000000	|	-3.669986	-1.735324	0.000000
Body 199 : 15691.520807	20614.760233	0.000000	|	0.498266	0.669337	0.000000
Body 200 : 971260.003391	-1860668.701424	0.000000	|	34.121843	-65.417790	0.000000
Body 201 : 123188.713371	-49396.593994	0.000000	|	4.118638	-1.675822	0.000000
Body 202 : 10709.927103	-22215.911854	0.000000	|	0.419908	-0.905021	0.000000
Body 203 : -45540.240093	-25783.634388	0.000000	|	-1.514837	-0.873891	0.000000
Body 204 : 10791.593190	5302.837850	0.000000	|	0.344643	0.120914	0.000000
Body 205 : 650347.551895	-246161.141952	0.000000	|	21.696518	-8.229628	0.000000
Body 206 : 7419.269890	32630.393275	0.000000	|	0.224400	1.041630	0.000000
Body 207 : -29165.191528	-12617.917109	0.000000	|	-0.983841	-0.453867	0.000000
Body 208 : -298240.587348	17477.018379	0.000000	|	-9.974394	0.576600	0.000000
Body 209 : 16697.231728	-13808.919636	0.000000	|	0.558417	-0.473421	0.000000
Body 210 : -43346.258708	40976.776092	0.000000	|	-1.466015	1.357432	0.000000
Body 211 : -42369.095677	-37905.415412	0.000000	|	-1.424292	-1.264915	0.000000
Body 212 : 22823.160188	-492.186830	0.000000	|	0.756603	-0.032807	0.000000
Body 213 : 24938.347276	-35877.202501	0.000000	|	0.818012	-1.207869	0.000000
Body 214 : 6913.850537	520089.579462	0.000000	|	0.226458	17.325819	0.000000
Body 215 : -36412.362443	-39544.057848	0.000000	|	-1.258099	-1.348683	0.000000
Body 216 : -44805.330262	-17910.006860	0.000000	|	-1.535249	-0.597358	0.000000
Body 217 : 58325.433952	11970.525294	0.000000	|	1.923497	0.393532	0.000000
Body 218 : -15859.194978	-34670.150711	0.000000	|	-0.555470	-1.178833	0.000000
Body 219 : 38934.684108	42690.534728	0.000000	|	1.279548	1.390301	0.000000
Body 220 : -1248815.498037	-232899.756178	0.000000	|	-41.825846	-7.815401	0.000000
Body 221 : 22428.843203	-113455.252888	0.000000	|	0.742089	-3.844283	0.000000
Body 222 : 10852.980031	16497.240157	0.000000	|	0.385901	0.520653	0.000000
Body 223 : 227931.048385	-155840.841571	0.000000	|	7.616197	-5.208836	0.000000
Body 224 : -223303.352730	60961.528820	0.000000	|	-7.607716	2.064859	0.000000
Body 225 : -14017.456139	-20696.920025	0.000000	|	-0.466897	-0.716441	0.000000
Body 226 : 40384.908269	724219.275739	0.000000	|	1.324489	24.149144	0.000000
Body 227 : -19409.375923	-23226.399629	0.000000	|	-0.636095	-0.781337	0.000000
Body 228 : -278935.055425	28118.275819	0.000000	|	-9.424967	0.929752	0.000000
Body 229 : -50775.787092	32539.507711	0.000000	|	-1.725067	1.089093	0.000000
Body 230 : 135598.554010	226886.374001	0.000000	|	4.523398	7.591442	0.000000
Body 231 : 66380.113383	-94237.516944	0.000000	|	2.206135	-3.145026	0.000000
Body 232 : -13918.950818	-65891.476304	0.000000	|	-0.466416	-2.198705	0.000000
Body 233 : -4508.540441	-16757.776986	0.000000	|	-0.179198	-0.554875	0.000000
Body 234 : -178001.916507	197783.759570	0.000000	|	-5.977853	6.612058	0.000000
Body 235 : -1998817.141263	-934878.434950	0.000000	|	-67.097806	-31.390272	0.000000
Body 236 : 61381.463225	-39654.111583	0.000000	|	2.077993	-1.278752	0.000000
Body 237 : 109880.845213	-3356.026976	0.000000	|	3.668829	-0.118188	0.000000
Body 238 : 9168.696356	20950.960399	0.000000	|	0.292229	0.711396	0.000000
Body 239 : 45949.252105	-6592.532706	0.000000	|	1.540843	-0.247238	0.000000
Body 240 : 68807.218425	-14570.922293	0.000000	|	2.282409	-0.506710	0.000000
Body 241 : -91122.536615	-25488.425223	0.000000	|	-3.103161	-0.872879	0.000000
Body 242 : -255018.853897	-317821.108093	0.000000	|	-8.525704	-10.616185	0.000000
Body 243 : -19633.500071	-34558.115531	0.000000	|	-0.672696	-1.154592	0.000000
Body 244 : 128578.435787	-102912.579589	0.000000	|	4.324462	-3.501791	0.000000
Body 245 : -15743.304721	2279.563178	0.000000	|	-0.529276	0.113081	0.000000
Body 246 : -29108.564483	-14990.170197	0.000000	|	-0.994615	-0.530843	0.000000
Body 247 : 232861.826763	1248809.830292	0.000000	|	7.754431	41.662371	0.000000
Body 248 : 907537.661244	-72676.336249	0.000000	|	30.251297	-2.423115	0.000000
Body 249 : 7683.839766	24008.642297	0.000000	|	0.258266	0.758987	0.000000
Body 250 : 36235.588798	24644.218917	0.000000	|	1.167387	0.810194	0.000000
Body 251 : -45530.131484	-14971.795901	0.000000	|	-1.531690	-0.503769	0.000000
Body 252 : -60101.247154	-476202.518102	0.000000	|	-2.026720	-16.002266	0.000000
Body 253 : -17816.410908	-31980.403050	0.000000	|	-0.593562	-1.075289	0.000000
Body 254 : 13242.872071	-35065.943403	0.000000	|	0.450312	-1.174312	0.000000
Body 255 : 5327.034499	-287242.838769	0.000000	|	0.160823	-9.639872	0.000000
Body 256 : -359343.888919	342204.651614	0.000000	|	-11.988778	11.405502	0.000000
Body 257 : 12424.888595	-23247.186488	0.000000	|	0.436995	-0.782383	0.000000
Body 258 : -2672.517963	185467.348100	0.000000	|	-0.088091	6.206984	0.000000
Body 259 : 524.724381	27690.975097	0.000000	|	-0.032659	0.926196	0.000000
Body 260 : 60143.594838	63441.080276	0.000000	|	2.008973	2.118782	0.000000
Body 261 : -31946.263292	-78686.236789	0.000000	|	-1.077176	-2.655921	0.000000
Body 262 : -49612.725366	-25628.345442	0.000000	|	-1.655193	-0.870498	0.000000
Body 263 : 52898.745739	-72177.761381	0.000000	|	1.763321	-2.433007	0.000000
Body 264 : 3253.912867	-76665.618750	0.000000	|	0.102888	-2.576940	0.000000
Body 265 : 87912.606755	30336.124604	0.000000	|	2.928155	1.004536	0.000000
Body 266 : -5519.585460	18509.582437	0.000000	|	-0.207930	0.618132	0.000000
Body 267 : -140612.581298	82081.120454	0.000000	|	-4.711632	2.738702	0.000000
Body 268 : 88057.309562	88194.802068	0.000000	|	2.930638	2.930069	0.000000
Body 269 : 23119.343732	-6699.603171	0.000000	|	0.760329	-0.222976	0.000000
Body 270 : -125129.004574	-42472.635292	0.000000	|	-4.240275	-1.455899	0.000000
Body 271 : 173992.903446	80510.871851	0.000000	|	5.797279	2.687385	0.000000
Body 272 : 32339.378722	-11384.129673	0.000000	|	1.149264	-0.509157	0.000000
Body 273 : 58218.640995	-42215.386761	0.000000	|	1.964647	-1.425607	0.000000
Body 274 : 10682.961709	-11946.144238	0.000000	|	0.331129	-0.428222	0.000000
Body 275 : -14965.741700	2387.209367	0.000000	|	-0.501535	0.055023	0.000000
Body 276 : 53138.779338	-22340.131872	0.000000	|	1.774558	-0.781909	0.000000
Body 277 : 77898.077445	-52879.510832	0.000000	|	2.603841	-1.796457	0.000000
Body 278 : 88070.956058	23084.359992	0.000000	|	2.923660	0.758910	0.000000
Body 279 : -11010.362709	11282.435577	0.000000	|	-0.373312	0.360755	0.000000
Body 280 : -11346.050948	-136228.431666	0.000000	|	-0.385388	-4.566968	0.000000
Body 281 : 48830.596751	-78082.235525	0.000000	|	1.603265	-2.619874	0.000000
Body 282 : 67134.616725	146574.749947	0.000000	|	2.242799	4.926702	0.000000
Body 283 : -53458.489114	6252.947160	0.000000	|	-1.802526	0.188861	0.000000
Body 284 : 304244.242103	-29872.796673	0.000000	|	10.182557	-1.021802	0.000000
Body 285 : 364335.940179	195547.565281	0.000000	|	12.142433	6.517243	0.000000
Body 286 : 121914.698044	26645.587387	0.000000	|	4.077103	0.888799	0.000000
Body 287 : -38809.938684	-26850.066926	0.000000	|	-1.311260	-0.900919	0.000000
Body 288 : 8531.294216	3735.815315	0.000000	|	0.320004	0.156335	0.000000
Body 289 : 91954.671478	-5734.496902	0.000000	|	3.080555	-0.212188	0.000000
Body 290 : 712308.350792	458815.355866	0.000000	|	23.943235	15.421890	0.000000
Body 291 : -49300.784771	-27219.546286	0.000000	|	-1.651463	-0.916173	0.000000
Body 292 : -161041.856927	-201001.427828	0.000000	|	-9.990874	-11.394831	0.000000
Body 293 : -22937.647811	16006.952983	0.000000	|	-0.789383	0.545102	0.000000
Body 294 : 12470.857257	19113.509811	0.000000	|	0.384877	0.623031	0.000000
Body 295 : 13302.457943	-27946.364498	0.000000	|	0.396147	-0.902547	0.000000
Body 296 : 10228.101961	-42919.865523	0.000000	|	0.330263	-1.431502	0.000000
Body 297 : 63415.507187	27593.985418	0.000000	|	2.124161	0.906633	0.000000
Body 298 : 28738.335549	8866.551597	0.000000	|	0.972442	0.293253	0.000000
Body 299 : 23638.394308	23839.558452	0.000000	|	0.812476	0.763863	0.000000
